17 7 4 2 
16 8 4 2 
12 7 2 2 0 1 
13 7 2 2 0 1 
14 8 5 2 
17 5 4 3 
12 8 3 2 0 1 
15 7 4 3 
10 8 4 3 
11 8 4 3 
12 8 4 3 
13 8 4 3 
10 7 5 3 
11 7 5 3 
12 7 5 3 
13 7 5 3 
17 7 3 1 1 
16 8 3 1 1 
15 7 4 1 1 
10 8 4 1 1 
11 8 4 1 1 
12 8 4 1 1 
13 8 4 1 1 
14 8 4 1 1 
17 7 2 2 1 
11 7 4 2 1 
17 5 3 2 1 
16 6 3 2 1 
14 7 3 2 1 
9 8 3 2 1 
10 8 3 2 1 
11 8 3 2 1 
12 8 3 2 1 
14 6 4 2 1 
8 7 4 2 1 
9 7 4 2 1 
10 7 4 2 1 
16 8 2 2 1 
12 7 4 2 1 
14 6 2 2 1 1 
16 8 3 1 0 1 
15 7 4 1 0 1 
10 8 4 1 0 1 
11 8 4 1 0 1 
12 8 4 1 0 1 
13 8 4 1 0 1 
14 8 4 1 0 1 
15 7 5 2 
14 7 2 2 0 1 
17 7 3 3 
15 7 2 2 0 1 
16 7 2 2 0 1 
17 7 2 2 0 1 
16 8 2 2 0 1 
17 5 3 2 0 1 
16 6 3 2 0 1 
14 7 3 2 0 1 
9 8 3 2 0 1 
10 8 3 2 0 1 
11 8 3 2 0 1 
16 6 4 3 
14 6 4 2 0 1 
8 7 4 2 0 1 
9 7 4 2 0 1 
13 7 3 1 1 1 
11 7 4 2 0 1 
15 4 3 2 1 1 
14 6 3 1 1 1 
10 7 4 2 0 1 
17 7 3 1 0 1 
7 6 4 2 1 1 
8 6 4 2 1 1 
10 7 2 2 1 1 
11 7 2 2 1 1 
17 8 4 2 
8 7 2 2 1 1 
9 7 2 2 1 1 
12 7 4 2 0 1 
13 5 3 2 1 1 
11 6 3 2 1 1 
12 6 3 2 1 1 
9 6 4 2 1 1 
12 7 2 2 1 1 
0
0
0
0
0
