15 7 3 2
16 7 3 2
13 8 3 2
14 8 3 2
15 8 3 2
16 8 3 2
14 6 4 2
15 6 4 2
16 6 4 2
13 7 4 2
14 7 4 2
15 7 4 2
10 8 4 2
11 8 4 2
12 8 4 2
13 8 4 2
13 6 3 3
14 6 3 3
15 6 3 3
16 6 3 3
12 5 4 3
13 5 4 3
14 5 4 3
10 6 4 3
11 6 4 3
12 6 4 3
13 6 4 3
15 6 3 1 1
12 7 3 1 1
13 7 3 1 1
14 7 3 1 1
13 5 4 1 1
11 6 4 1 1
12 6 4 1 1
13 6 4 1 1
14 6 4 1 1
14 6 2 2 1
15 6 2 2 1
11 7 2 2 1
12 7 2 2 1
13 7 2 2 1
14 7 2 2 1
14 5 3 2 1
15 5 3 2 1
16 5 3 2 1
11 6 3 2 1
12 6 3 2 1
13 6 3 2 1
14 6 3 2 1
15 6 3 1 0 1
13 6 2 2 0 1
14 6 2 2 0 1
15 6 2 2 0 1
15 4 3 2 0 1
13 5 3 2 0 1
14 5 3 2 0 1
15 5 3 2 0 1
16 5 3 2 0 1
10 6 3 2 0 1
11 6 3 2 0 1
12 6 3 2 0 1
13 6 3 2 0 1
14 6 3 2 0 1
12 4 3 1 1 1
11 5 3 1 1 1
12 5 3 1 1 1
12 4 2 2 1 1
13 4 2 2 1 1
10 5 2 2 1 1
11 5 2 2 1 1
9 4 3 2 1 1
10 4 3 2 1 1
