15 8 5 2
16 7 4 3
14 8 4 3
14 7 3 1 1 1
13 8 3 2
14 8 3 2
15 8 3 2
16 8 3 2
17 8 3 2
14 6 4 2
15 6 4 2
16 6 4 2
17 6 4 2
13 7 4 2
14 7 4 2
15 7 4 2
16 7 4 2
17 7 4 2
11 8 4 2
12 8 4 2
13 8 4 2
14 8 4 2
15 8 4 2
16 8 4 2
17 8 4 2
11 7 5 2
12 7 5 2
13 7 5 2
14 7 5 2
15 7 5 2
16 7 5 2
10 8 5 2
11 8 5 2
12 8 5 2
13 8 5 2
14 8 5 2
15 5 3 3
16 5 3 3
14 6 3 3
15 6 3 3
16 6 3 3
11 7 3 3
12 7 3 3
13 7 3 3
14 7 3 3
15 7 3 3
16 7 3 3
17 7 3 3
14 7 5 3
15 7 5 3
12 8 5 3
8 8 3 3
9 8 3 3
10 8 3 3
11 8 3 3
12 8 3 3
13 8 3 3
14 8 3 3
15 8 3 3
16 8 3 3
13 5 4 3
14 5 4 3
15 5 4 3
16 5 4 3
17 5 4 3
11 6 4 3
12 6 4 3
13 6 4 3
14 6 4 3
15 6 4 3
16 6 4 3
17 6 4 3
9 7 4 3
10 7 4 3
11 7 4 3
12 7 4 3
13 7 4 3
14 7 4 3
15 7 4 3
9 8 4 3
10 8 4 3
11 8 4 3
12 8 4 3
13 8 4 3
9 7 5 3
10 7 5 3
11 7 5 3
12 7 5 3
13 7 5 3
8 8 5 3
9 8 5 3
10 8 5 3
11 8 5 3
13 7 3 1 1
14 7 3 1 1
15 7 3 1 1
14 8 3 2 1
15 6 4 2 1
13 7 4 2 1
13 7 4 2 0 1
16 7 3 1 1
17 7 3 1 1
12 8 3 1 1
13 8 3 1 1
14 8 3 1 1
15 8 3 1 1
16 8 3 1 1
12 6 4 1 1
13 6 4 1 1
14 6 4 1 1
15 6 4 1 1
9 7 4 1 1
10 7 4 1 1
11 7 4 1 1
12 7 4 1 1
13 7 4 1 1
14 7 4 1 1
15 7 4 1 1
10 8 4 1 1
11 8 4 1 1
12 8 4 1 1
13 8 4 1 1
14 8 4 1 1
14 6 2 2 1
15 6 2 2 1
16 6 2 2 1
12 7 2 2 1
13 7 2 2 1
14 7 2 2 1
15 7 2 2 1
16 7 2 2 1
17 7 2 2 1
10 8 2 2 1
11 8 2 2 1
12 8 2 2 1
13 8 2 2 1
14 8 2 2 1
15 8 2 2 1
16 8 2 2 1
15 4 3 2 1
16 4 3 2 1
13 5 3 2 1
14 5 3 2 1
15 5 3 2 1
12 8 4 2 1
13 8 4 2 1
10 6 4 2 1 1
16 5 3 2 1
17 5 3 2 1
11 6 3 2 1
12 6 3 2 1
13 6 3 2 1
14 6 3 2 1
15 6 3 2 1
16 6 3 2 1
17 6 3 2 1
9 7 3 2 1
10 7 3 2 1
11 7 3 2 1
12 7 3 2 1
13 7 3 2 1
14 7 3 2 1
15 7 3 2 1
9 8 3 2 1
10 8 3 2 1
11 8 3 2 1
12 8 3 2 1
13 8 3 2 1
8 6 4 2 1
9 6 4 2 1
10 6 4 2 1
11 6 4 2 1
12 6 4 2 1
13 6 4 2 1
14 6 4 2 1
8 7 4 2 1
9 7 4 2 1
10 7 4 2 1
11 7 4 2 1
12 7 4 2 1
8 8 4 2 1
9 8 4 2 1
10 8 4 2 1
11 8 4 2 1
12 7 3 1 0 1
13 7 3 1 0 1
14 7 3 1 0 1
15 7 3 1 0 1
16 7 3 1 0 1
17 7 3 1 0 1
12 8 3 1 0 1
13 8 3 1 0 1
14 7 4 2 1
14 7 4 2 0 1
12 8 4 2 0 1
14 8 3 1 0 1
15 8 3 1 0 1
16 8 3 1 0 1
12 6 4 1 0 1
13 6 4 1 0 1
14 6 4 1 0 1
15 6 4 1 0 1
10 7 4 1 0 1
11 7 4 1 0 1
12 7 4 1 0 1
13 7 4 1 0 1
14 7 4 1 0 1
15 7 4 1 0 1
10 8 4 1 0 1
11 8 4 1 0 1
12 8 4 1 0 1
13 8 4 1 0 1
14 8 4 1 0 1
15 6 2 2 0 1
16 6 2 2 0 1
12 7 2 2 0 1
13 7 2 2 0 1
14 7 2 2 0 1
15 7 2 2 0 1
16 7 2 2 0 1
17 7 2 2 0 1
10 8 2 2 0 1
11 8 2 2 0 1
12 8 2 2 0 1
13 8 2 2 0 1
14 8 2 2 0 1
15 8 2 2 0 1
16 8 2 2 0 1
15 4 3 2 0 1
13 5 3 2 0 1
14 5 3 2 0 1
15 5 3 2 0 1
16 5 3 2 0 1
17 5 3 2 0 1
11 6 3 2 0 1
12 6 3 2 0 1
13 6 3 2 0 1
14 6 3 2 0 1
15 6 3 2 0 1
16 6 3 2 0 1
13 8 4 2 0 1
15 8 4 3
14 5 3 2 1 1
17 6 3 2 0 1
9 7 3 2 0 1
10 7 3 2 0 1
11 7 3 2 0 1
12 7 3 2 0 1
13 7 3 2 0 1
14 7 3 2 0 1
15 7 3 2 0 1
9 8 3 2 0 1
10 8 3 2 0 1
11 8 3 2 0 1
12 8 3 2 0 1
13 8 3 2 0 1
14 8 3 2 0 1
8 6 4 2 0 1
9 6 4 2 0 1
10 6 4 2 0 1
11 6 4 2 0 1
12 6 4 2 0 1
13 6 4 2 0 1
14 6 4 2 0 1
8 7 4 2 0 1
9 7 4 2 0 1
10 7 4 2 0 1
11 7 4 2 0 1
12 7 4 2 0 1
8 8 4 2 0 1
9 8 4 2 0 1
10 8 4 2 0 1
11 8 4 2 0 1
11 5 3 1 1 1
12 5 3 1 1 1
13 5 3 1 1 1
14 5 3 1 1 1
9 6 3 1 1 1
10 6 3 1 1 1
11 6 3 1 1 1
12 6 3 1 1 1
13 6 3 1 1 1
14 6 3 1 1 1
8 7 3 1 1 1
9 7 3 1 1 1
10 7 3 1 1 1
11 7 3 1 1 1
12 7 3 1 1 1
13 6 3 2 1 1
15 6 4 2 0 1
13 8 5 3
13 7 3 1 1 1
12 4 2 2 1 1
13 4 2 2 1 1
14 4 2 2 1 1
10 5 2 2 1 1
11 5 2 2 1 1
12 5 2 2 1 1
13 5 2 2 1 1
14 5 2 2 1 1
8 6 2 2 1 1
9 6 2 2 1 1
10 6 2 2 1 1
11 6 2 2 1 1
12 6 2 2 1 1
13 6 2 2 1 1
14 6 2 2 1 1
8 7 2 2 1 1
9 7 2 2 1 1
10 7 2 2 1 1
11 7 2 2 1 1
12 7 2 2 1 1
9 4 3 2 1 1
10 4 3 2 1 1
11 4 3 2 1 1
12 4 3 2 1 1
13 4 3 2 1 1
14 4 3 2 1 1
15 4 3 2 1 1
8 5 3 2 1 1
9 5 3 2 1 1
10 5 3 2 1 1
11 5 3 2 1 1
12 5 3 2 1 1
13 5 3 2 1 1
7 6 3 2 1 1
8 6 3 2 1 1
9 6 3 2 1 1
10 6 3 2 1 1
11 6 3 2 1 1
12 6 3 2 1 1
7 6 4 2 1 1
8 6 4 2 1 1
9 6 4 2 1 1
14 8 5 3
11 6 4 2 1 1
