Overall statistics:
  count        = 4566083531335
  time         =     798719.06
  num_P        =           164
  num_S        =       1298760
  num_vecs     =     464312681
  max_num_vecs =          4162
  num_sols     =         13702
Best overall square:
  P      =  79252992000
  S      =          627
  max_nb =          280
  score  =            7
  square =
     225   42   96    7  192   65
      14  168   15  208  150   72
      48    5   78  160  126  210
      90  104  280  120   21   12
      26  108  140  105    8  240
     224  200   18   27  130   28
Statistics for each P:
  P                     P_val num_vecs   max  num_S         count       time  sols best
  6 4 3 2            31752000    35993   160    441         51944       0.02     0     
  12 4 2 0 1         91238400    52783   183    644         88322       0.04     0     
  7 4 3 2            63504000    69953   232    664        151071       0.07     0     
  8 4 3 2           127008000   124135   329    970        524634       0.22     0     
  5 4 3 2 1         174636000   142824   349   1010        564890       0.20     0     
  9 4 2 1 1          79833600   130291   393    846        793922       0.30     0     
  7 4 2 2 1         139708800   183560   447   1100       1582552       0.54     0     
  10 4 2 1 0 1      188697600   200763   457   1226       2050051       0.52     0     
  9 4 3 2           254016000   206936   441   1417       2083085       0.60     0     
  10 4 2 1 1        159667200   205055   480   1219       2517481       0.73     0     
  8 4 3 1 0 1       235872000   231760   472   1368       2924010       0.69     0     
  8 4 3 1 1         199584000   236627   530   1332       3623597       1.00     0     
  6 4 3 2 0 1       412776000   288129   516   1644       3696784       0.89     0     
  11 5 3 1          435456000   264320   452   1732       4293835       0.91     0     
  6 4 3 2 1         349272000   294556   535   1613       4512195       1.28     0     
  8 5 3 2           381024000   273965   485   1688       4820588       1.17     0     
  7 6 3 2           571536000   306173   489   1924       5039573       1.24     0     
  11 4 2 1 0 1      377395200   302064   542   1690       5760202       1.22     0     
  9 5 2 1 0 1       283046400   279190   537   1534       5809865       1.19     0     
  8 4 2 2 0 1       330220800   313797   590   1661       7038483       1.46     0     
  11 4 2 1 1        319334400   307761   574   1630       7130671       1.71     0     
  9 5 2 1 1         239500800   284835   589   1512       7426499       1.74     0     
  10 4 3 2          508032000   325396   537   1938       7914087       1.44     1    0
  8 4 2 2 1         279417600   320046   631   1595       8941074       2.12     0     
  7 4 2 1 1 1       259459200   339327   658   1511      10295241       2.47     0     
  9 4 3 1 0 1       471744000   381331   633   1940      13648791       2.53     0     
  12 4 2 1 0 1      754790400   439058   622   2261      13796480       2.67     0     
  12 4 2 1 1        638668800   446608   665   2233      17026748       3.69     0     
  9 4 3 1 1         399168000   388853   675   1915      17446035       3.71     0     
  9 5 3 2           762048000   450905   645   2400      24886419       4.67     0     
  11 4 3 2         1016064000   490279   636   2667      26079609       4.94     0     
  13 4 2 1 0 1     1509580800   618189   715   2990      28475340       5.33     0     
  6 4 3 1 1 1       648648000   540528   828   2234      28614399       6.27     0     
  7 4 3 2 0 1       825552000   537249   744   2488      29640726       5.31     1    2
  9 4 2 2 0 1       660441600   515730   789   2352      33925599       5.87     0     
  8 6 3 2          1143072000   533802   676   2818      34042592       6.09     1    3
  13 4 2 1 1       1277337600   629784   761   2996      34558868       7.15     0     
  7 4 3 2 1         698544000   546720   783   2420      37677772       7.72     0     
  9 4 2 2 1         558835200   524171   813   2284      44193070       8.76     0     
  8 5 4 2          1905120000   654965   697   3398      44247027       7.11     0     
  7 6 4 2          2857680000   734657   709   3842      47946161       8.76     0     
  10 4 3 1 0 1      943488000   596347   777   2699      53865699      10.32     0     
  8 4 2 1 1 1       518918400   586540   903   2261      63386101      12.17     0     
  10 4 3 1 1        798336000   606513   850   2641      69883059      13.16     0     
  12 4 3 2         2032128000   712878   763   3579      71441960      12.48     0     
  6 4 2 2 1 1       908107200   728160   968   2659      75638335      15.38     0     
  8 5 2 2 0 1       990662400   680216   865   2845      81280943      13.16     0     
  10 5 3 2         1524096000   706353   806   3366     104750294      15.63     0     
  8 5 2 2 1         838252800   690404   931   2753     105036306      16.51     0     
  10 4 2 2 0 1     1320883200   804867   936   3271     133543716      21.48     0     
  13 4 3 2         4064256000  1006701   862   4761     164048760      26.67     1    2
  10 4 2 2 1       1117670400   816289  1020   3151     171365098      31.25     1    0
  11 4 3 1 0 1     1886976000   895435   963   3662     172093074      31.25     0     
  9 6 3 2          2286144000   874512   910   4002     186534913      29.16     0     
  8 4 3 2 0 1      1651104000   928163  1012   3587     197895421      31.51     0     
  11 4 3 1 1       1596672000   909129   999   3616     221198826      36.55     3    5
  9 5 4 2          3810240000  1074899   939   4869     239979993      35.34     1    0
  7 4 3 1 1 1      1297296000   995029  1165   3373     241836963      44.72     1    3
  8 4 3 2 1        1397088000   940164  1110   3471     256968851      46.76     1    2
  9 4 2 1 1 1      1037836800   952422  1219   3153     302479144      54.13     1    2
  14 4 3 2         8128512000  1383577  1001   6255     314876789      50.89     0     
  8 6 4 2          5715360000  1272067   977   5596     334656262      53.43     0     
  11 5 3 2         3048192000  1060725  1000   4610     357960436      58.26     2    2
  11 4 2 2 0 1     2641766400  1205876  1142   4493     414705377      65.10     3    2
  12 4 3 1 0 1     3773952000  1296491  1128   4968     445648079      79.63     0     
  7 5 3 2 1        2095632000  1173894  1176   4192     468193551      72.14     0     
  11 4 2 2 1       2235340800  1221810  1226   4390     535848781      95.49     3    3
  9 5 2 2 1        1676505600  1123749  1266   3964     540570284      82.57     0     
  12 4 3 1 1       3193344000  1315865  1224   4869     567542922     104.01     3    3
  7 4 2 2 1 1      1816214400  1335813  1403   4073     628433754     117.52     1    2
  10 5 3 1 0 1     2830464000  1282806  1206   4652     691783830     119.51     1    3
  10 6 3 2         4572288000  1364506  1121   5559     784809676     117.82     7    3
  10 5 3 1 1       2395008000  1301534  1257   4582     899958366     153.96     5    4
  12 5 3 2         6096384000  1538445  1134   6209     985724749     160.35     4    3
  9 4 3 2 0 1      3302208000  1508862  1367   5116    1017394346     157.67     0     
  10 5 4 2         7620480000  1678509  1216   6771    1019556351     146.00     3    3
  12 4 2 2 0 1     5283532800  1743759  1354   5945    1066900551     169.01     4    3
  9 4 3 2 1        2794176000  1529579  1426   5035    1326614660     231.28     6    3
  12 4 2 2 1       4470681600  1768624  1416   5937    1344096122     245.50     3    2
  8 4 3 1 1 1      2594592000  1701053  1650   4882    1562995811     277.07     5    3
  10 5 2 2 0 1     3962649600  1722398  1453   5652    1633726018     260.59     7    3
  9 6 4 2         11430720000  2077928  1314   8010    1819089905     260.32     4    3
  10 5 2 2 1       3353011200  1745578  1549   5530    2117099749     337.78     8    3
  11 5 3 1 0 1     5660928000  1918228  1467   6415    2208729906     334.71    13    6
  13 5 3 2        12192768000  2168511  1337   8312    2258661704     341.63     9    3
  8 5 3 2 0 1      4953312000  1984084  1584   6266    2451133644     384.03     6    3
  11 6 3 2         9144576000  2044698  1358   7649    2645139302     369.39    13    4
  9 6 2 2 0 1      5943974400  2127441  1624   6681    2743313029     441.62     9    4
  13 4 2 2 1       8941363200  2485288  1676   7876    2840477970     464.60    11    4
  11 5 3 1 1       4790016000  1942387  1556   6290    2857250391     503.64    14    4
  8 5 3 2 1        4191264000  2009289  1641   6110    3173416151     498.52    20    4
  11 5 4 2        15240960000  2515525  1429   9211    3466333251     497.22    14    6
  9 6 2 2 1        5029516800  2154536  1671   6572    3539580834     563.40    17    4
  8 4 2 2 1 1      3632428800  2278411  1957   5849    3952651872     696.55    11    3
  10 4 3 2 0 1     6604416000  2341536  1694   7125    3978861397     619.07    15    3
  10 6 3 1 0 1     8491392000  2462751  1682   7769    4665018948     823.51    17    4
  11 5 2 2 0 1     7925299200  2571666  1748   7710    5080236065     805.71    19    3
  12 4 4 1 1      15966720000  3107435  1745   9825    5142806285     851.98     9    3
  10 4 3 2 1       5588352000  2370439  1843   6950    5199584063     923.09    19    5
  12 5 3 1 0 1    11321856000  2773604  1710   8676    5650446013     872.76    14    3
  10 6 3 1 1       7185024000  2489835  1765   7585    6075319638    1047.85    16    4
  11 5 2 2 1       6706022400  2603684  1838   7552    6543746746    1046.75    33    3
  7 5 2 2 1 1      5448643200  2837713  2099   6992    6775264760    1154.62    16    3
  12 5 3 1 1       9580032000  2808151  1775   8544    7267581937    1181.97    22    3
  12 6 3 2        18289152000  2961813  1605  10234    7311923238    1034.16    42    5
  10 6 4 2        22861440000  3231266  1635  11104    7493595286    1085.84    32    5
  9 4 3 1 1 1      5189184000  2749658  2113   6941    7518053083    1315.41    12    3
  12 5 4 2        30481920000  3643787  1667  12429    9616767630    1403.47    40    3
  10 6 2 2 0 1    11887948800  3295065  2034   9260   10765942233    1724.21    40    4
  13 4 4 1 1      31933440000  4368405  1992  13027   11341037118    1915.34    19    3
  13 5 3 1 0 1    22643712000  3896224  1985  11560   12025235187    1961.27    31    4
  9 5 3 2 0 1      9906624000  3211837  2052   8874   12106659531    1954.88    46    6
  11 4 3 2 0 1    13208832000  3494073  2045   9749   12333463016    2026.50    34    5
  12 5 2 2 0 1    15850598400  3715927  2048  10461   12963984336    2102.27    39    5
  10 6 2 2 1      10059033600  3334508  2158   9140   13717120030    2222.38    59    4
  11 6 3 1 0 1    16982784000  3674879  2059  10634   14806693512    2365.95    50    3
  13 5 3 1 1      19160064000  3944191  2067  11429   15199216031    2480.06    52    3
  9 5 3 2 1        8382528000  3247970  2191   8740   15913153254    2570.42    87    5
  11 4 3 2 1      11176704000  3536860  2152   9595   15953472318    2672.31    74    4
  12 5 2 2 1      13412044800  3759888  2170  10293   16593825427    2717.27    80    5
  13 6 3 2        36578304000  4166579  1855  13716   16657646849    2382.90    57    3
  9 4 2 2 1 1      7264857600  3678056  2610   8406   18222817913    3279.95    49    4
  11 6 3 1 1      14370048000  3714476  2155  10501   19072557792    3145.08    80    7
  13 5 4 2        60963840000  5130922  1983  16579   22375844848    3321.52    74    5
  11 6 4 2        45722880000  4825564  1999  15135   25102006784    3669.15   110    5
  13 5 2 2 0 1    31701196800  5212343  2409  13859   27220921164    4453.41    69    4
  10 4 3 1 1 1    10378368000  4243609  2666   9689   27719525720    5239.41    73    4
  12 4 3 2 0 1    26417664000  5041076  2455  13100   31374771878    5275.47   102    7
  11 6 2 2 0 1    23775897600  4913119  2451  12838   33209242317    5484.30   107    5
  13 5 2 2 1      26824089600  5279144  2509  13834   34369092848    5840.25   126    5
  12 6 3 1 0 1    33965568000  5305030  2410  14274   37955746350    6060.17    95    3
  12 4 3 2 1      22353408000  5102339  2547  12969   40050487718    6753.85   161    5
  8 5 2 2 1 1     10897286400  4814768  2934  10291   41278388734    7565.80   110    4
  11 6 2 2 1      20118067200  4968960  2608  12605   42776019443    7108.67   192    6
  14 5 4 2       121927680000  7041581  2246  21694   43825015911    6819.28   103    5
  10 5 3 2 0 1    19813248000  4964230  2663  12389   46043111066    7672.16   203    4
  14 5 2 2 0 1    63402393600  7145532  2708  18578   48539175915    8573.21   106    4
  12 6 3 1 1      28740096000  5362827  2502  14178   48707253041    8048.93   165    6
  10 5 3 2 1      16765056000  5018469  2725  12214   59883407269   10030.83   314    5
  14 5 2 2 1      53648179200  7236732  2862  18419   60812223498   10790.19   164    4
  10 4 2 2 1 1    14529715200  5672457  3199  11714   65356995458   12190.66   177    4
  13 4 3 2 0 1    52835328000  7077739  2814  17612   65879104904   11372.89   162    4
  12 6 4 2        91445760000  6981292  2402  20512   68410420422   10497.17   243    6
  9 5 3 1 1 1     15567552000  5798244  3191  12142   80408558499   14581.09   174    5
  11 4 3 1 1 1    20756736000  6307619  3257  13287   80823624136   15163.00   170    6
  13 6 3 1 0 1    67931136000  7448601  2762  19249   80986700092   13624.99   166    5
  13 4 3 2 1      44706816000  7162814  2969  17451   83528842694   14484.00   281    5
  12 6 2 2 0 1    47551795200  7085291  2949  17254   84814150705   14572.34   236    5
  8 4 3 2 1 1     18162144000  6518675  3454  12950   91796128948   17103.36   207    5
  9 6 3 2 1       25147584000  6187249  3064  14518   99198505520   16971.62   452    5
  13 6 3 1 1      57480192000  7530402  3001  19071  102924786638   17621.81   287    7
  12 6 2 2 1      40236134400  7167301  3082  17080  107532906025   18587.75   346    5
  14 4 3 2 0 1   105670656000  9697401  3224  23287  117804728682   20970.88   215    5
  11 5 3 2 0 1    39626496000  7382120  3161  16986  138642632914   23564.17   472    5
  14 6 3 1 0 1   135862272000 10208117  3235  25434  145300479108   26030.92   262    5
  14 4 3 2 1      89413632000  9809309  3359  22982  147308345403   26886.65   420    6
  13 6 4 2       182891520000  9809073  2846  27170  157530341414   25039.16   447    7
  11 5 3 2 1      33530112000  7461283  3338  16714  180136639983   30689.22   839    7
  14 6 3 1 1     114960384000 10313513  3352  25180  183376471190   33125.64   415    5
  11 4 2 2 1 1    29059430400  8419075  3931  16046  186086830440   35843.29   393    5
  9 5 2 2 1 1     21794572800  7737134  3923  14685  186358349513   35233.01   478    5
  10 5 3 1 1 1    31135104000  8923384  4162  16981  288837936439   55014.30   675    5
  12 5 3 2 0 1    79252992000 10630046  3748  22930  345657460292   61340.70   981    7
  12 5 3 2 1      67060224000 10746086  4048  22672  443644385605   76693.64  1609    7
Diagonal statistics for top 100 solutions, sorted by score:
              P    S  max  #S  #P #SP best  score_counts
    79252992000  627  280   3   2   1    7  [(0, 10680), (2, 60), (3, 30), (7, 30)]
    26417664000  624  350   2   2   1    7  [(0, 10710), (2, 30), (3, 30), (7, 30)]
    67060224000  621  336   1   2   1    7  [(0, 10740), (3, 30), (7, 30)]
    79252992000  667  336   3   1   1    7  [(0, 10710), (2, 60), (7, 30)]
    14370048000  492  243   2   1   1    7  [(0, 10740), (2, 30), (7, 30)]
   182891520000  768  336   2   1   1    7  [(0, 10740), (2, 30), (7, 30)]
   182891520000  930  525   2   1   1    7  [(0, 10740), (2, 30), (7, 30)]
    33530112000  491  225   1   1   1    7  [(0, 10770), (7, 30)]
    57480192000  534  270   1   1   1    7  [(0, 10770), (7, 30)]
    91445760000 1167  720   0   3   0    6  [(0, 10712), (3, 86), (6, 2)]
     5660928000  433  216   3   2   0    6  [(0, 10652), (2, 90), (3, 56), (6, 2)]
    20756736000  576  360   2   2   0    6  [(0, 10682), (2, 60), (3, 56), (6, 2)]
     9906624000  402  195   1   2   0    6  [(0, 10712), (2, 30), (3, 56), (6, 2)]
    15240960000  696  450   1   2   0    6  [(0, 10712), (2, 30), (3, 56), (6, 2)]
    28740096000  549  270   1   2   0    6  [(0, 10712), (2, 30), (3, 56), (6, 2)]
    57480192000  747  440   1   2   0    6  [(0, 10712), (2, 30), (3, 56), (6, 2)]
    91445760000  832  500   1   2   0    6  [(0, 10712), (2, 30), (3, 56), (6, 2)]
    20118067200  485  280   0   2   0    6  [(0, 10742), (3, 56), (6, 2)]
    89413632000  727  385   0   2   0    6  [(0, 10742), (3, 56), (6, 2)]
   182891520000  760  405   0   2   0    6  [(0, 10742), (3, 56), (6, 2)]
     8382528000  438  231   5   3   0    5  [(0, 10564), (2, 144), (3, 88), (4, 2), (5, 2)]
    67060224000  646  385   3   2   0    5  [(0, 10654), (2, 84), (3, 58), (4, 2), (5, 2)]
    57480192000  573  264   3   3   0    5  [(0, 10622), (2, 88), (3, 88), (5, 2)]
    39626496000  581  350   2   3   0    5  [(0, 10652), (2, 58), (3, 88), (5, 2)]
    47551795200  577  315   1   3   0    5  [(0, 10682), (2, 28), (3, 88), (5, 2)]
    91445760000 1326 1000   1   3   0    5  [(0, 10682), (2, 28), (3, 88), (5, 2)]
    23775897600  582  288   4   2   0    5  [(0, 10622), (2, 118), (3, 58), (5, 2)]
    91445760000  690  384   4   2   0    5  [(0, 10622), (2, 118), (3, 58), (5, 2)]
    89413632000  722  384   3   2   0    5  [(0, 10652), (2, 88), (3, 58), (5, 2)]
     1596672000  289  135   2   2   0    5  [(0, 10682), (2, 58), (3, 58), (5, 2)]
    16765056000  569  350   2   2   0    5  [(0, 10682), (2, 58), (3, 58), (5, 2)]
    22861440000  546  270   2   2   0    5  [(0, 10682), (2, 58), (3, 58), (5, 2)]
    45722880000  755  405   2   2   0    5  [(0, 10682), (2, 58), (3, 58), (5, 2)]
    79252992000  714  336   2   2   0    5  [(0, 10682), (2, 58), (3, 58), (5, 2)]
   135862272000  875  420   2   2   0    5  [(0, 10682), (2, 58), (3, 58), (5, 2)]
    18289152000  591  336   1   2   0    5  [(0, 10712), (2, 28), (3, 58), (5, 2)]
    40236134400  625  360   1   2   0    5  [(0, 10712), (2, 28), (3, 58), (5, 2)]
   114960384000  678  352   1   2   0    5  [(0, 10712), (2, 28), (3, 58), (5, 2)]
   121927680000  741  420   1   2   0    5  [(0, 10712), (2, 28), (3, 58), (5, 2)]
    15850598400  492  270   4   1   0    5  [(0, 10652), (2, 118), (3, 28), (5, 2)]
    79252992000  564  252   4   1   0    5  [(0, 10652), (2, 118), (3, 28), (5, 2)]
   114960384000  653  300   4   1   0    5  [(0, 10652), (2, 118), (3, 28), (5, 2)]
     5588352000  434  224   3   1   0    5  [(0, 10682), (2, 88), (3, 28), (5, 2)]
    13412044800  543  264   3   1   0    5  [(0, 10682), (2, 88), (3, 28), (5, 2)]
    15567552000  420  225   3   1   0    5  [(0, 10682), (2, 88), (3, 28), (5, 2)]
    21794572800  472  264   3   1   0    5  [(0, 10682), (2, 88), (3, 28), (5, 2)]
    23775897600  573  273   3   1   0    5  [(0, 10682), (2, 88), (3, 28), (5, 2)]
    23775897600  680  432   3   1   0    5  [(0, 10682), (2, 88), (3, 28), (5, 2)]
    25147584000  504  275   3   1   0    5  [(0, 10682), (2, 88), (3, 28), (5, 2)]
    29059430400  549  312   3   1   0    5  [(0, 10682), (2, 88), (3, 28), (5, 2)]
    33530112000  468  200   3   1   0    5  [(0, 10682), (2, 88), (3, 28), (5, 2)]
    33530112000  601  324   3   1   0    5  [(0, 10682), (2, 88), (3, 28), (5, 2)]
    33530112000  636  378   3   1   0    5  [(0, 10682), (2, 88), (3, 28), (5, 2)]
    39626496000  502  225   3   1   0    5  [(0, 10682), (2, 88), (3, 28), (5, 2)]
    57480192000  629  320   3   1   0    5  [(0, 10682), (2, 88), (3, 28), (5, 2)]
    67060224000  692  360   3   1   0    5  [(0, 10682), (2, 88), (3, 28), (5, 2)]
    79252992000  672  324   3   1   0    5  [(0, 10682), (2, 88), (3, 28), (5, 2)]
    18162144000  548  288   2   1   0    5  [(0, 10712), (2, 58), (3, 28), (5, 2)]
    20118067200  599  352   2   1   0    5  [(0, 10712), (2, 58), (3, 28), (5, 2)]
    21794572800  491  280   2   1   0    5  [(0, 10712), (2, 58), (3, 28), (5, 2)]
    21794572800  556  273   2   1   0    5  [(0, 10712), (2, 58), (3, 28), (5, 2)]
    22353408000  514  240   2   1   0    5  [(0, 10712), (2, 58), (3, 28), (5, 2)]
    26824089600  489  256   2   1   0    5  [(0, 10712), (2, 58), (3, 28), (5, 2)]
    28740096000  552  320   2   1   0    5  [(0, 10712), (2, 58), (3, 28), (5, 2)]
    29059430400  534  275   2   1   0    5  [(0, 10712), (2, 58), (3, 28), (5, 2)]
    31135104000  573  330   2   1   0    5  [(0, 10712), (2, 58), (3, 28), (5, 2)]
    33530112000  542  270   2   1   0    5  [(0, 10712), (2, 58), (3, 28), (5, 2)]
    33530112000  609  385   2   1   0    5  [(0, 10712), (2, 58), (3, 28), (5, 2)]
    33530112000  610  378   2   1   0    5  [(0, 10712), (2, 58), (3, 28), (5, 2)]
    33530112000  628  360   2   1   0    5  [(0, 10712), (2, 58), (3, 28), (5, 2)]
    33530112000  762  405   2   1   0    5  [(0, 10712), (2, 58), (3, 28), (5, 2)]
    40236134400  475  198   2   1   0    5  [(0, 10712), (2, 58), (3, 28), (5, 2)]
    40236134400  654  384   2   1   0    5  [(0, 10712), (2, 58), (3, 28), (5, 2)]
    44706816000  665  420   2   1   0    5  [(0, 10712), (2, 58), (3, 28), (5, 2)]
    67060224000  674  350   2   1   0    5  [(0, 10712), (2, 58), (3, 28), (5, 2)]
    67060224000  679  352   2   1   0    5  [(0, 10712), (2, 58), (3, 28), (5, 2)]
    67060224000  709  400   2   1   0    5  [(0, 10712), (2, 58), (3, 28), (5, 2)]
    67060224000  747  480   2   1   0    5  [(0, 10712), (2, 58), (3, 28), (5, 2)]
    67931136000  736  360   2   1   0    5  [(0, 10712), (2, 58), (3, 28), (5, 2)]
    79252992000  621  324   2   1   0    5  [(0, 10712), (2, 58), (3, 28), (5, 2)]
    79252992000  763  455   2   1   0    5  [(0, 10712), (2, 58), (3, 28), (5, 2)]
    89413632000  812  525   2   1   0    5  [(0, 10712), (2, 58), (3, 28), (5, 2)]
   105670656000  771  432   2   1   0    5  [(0, 10712), (2, 58), (3, 28), (5, 2)]
   114960384000  690  320   2   1   0    5  [(0, 10712), (2, 58), (3, 28), (5, 2)]
   121927680000  672  320   2   1   0    5  [(0, 10712), (2, 58), (3, 28), (5, 2)]
     8382528000  524  315   1   1   0    5  [(0, 10742), (2, 28), (3, 28), (5, 2)]
    13208832000  452  210   1   1   0    5  [(0, 10742), (2, 28), (3, 28), (5, 2)]
    21794572800  505  264   1   1   0    5  [(0, 10742), (2, 28), (3, 28), (5, 2)]
    21794572800  697  396   1   1   0    5  [(0, 10742), (2, 28), (3, 28), (5, 2)]
    25147584000  570  252   1   1   0    5  [(0, 10742), (2, 28), (3, 28), (5, 2)]
    26417664000  468  195   1   1   0    5  [(0, 10742), (2, 28), (3, 28), (5, 2)]
    26417664000  497  260   1   1   0    5  [(0, 10742), (2, 28), (3, 28), (5, 2)]
    26824089600  572  252   1   1   0    5  [(0, 10742), (2, 28), (3, 28), (5, 2)]
    31135104000  613  400   1   1   0    5  [(0, 10742), (2, 28), (3, 28), (5, 2)]
    33530112000  528  288   1   1   0    5  [(0, 10742), (2, 28), (3, 28), (5, 2)]
    33530112000  572  280   1   1   0    5  [(0, 10742), (2, 28), (3, 28), (5, 2)]
    33530112000  607  308   1   1   0    5  [(0, 10742), (2, 28), (3, 28), (5, 2)]
    39626496000  504  240   1   1   0    5  [(0, 10742), (2, 28), (3, 28), (5, 2)]
    39626496000  584  320   1   1   0    5  [(0, 10742), (2, 28), (3, 28), (5, 2)]
    40236134400  739  440   1   1   0    5  [(0, 10742), (2, 28), (3, 28), (5, 2)]
